15806
50865
40491
16417
47091
21966
12526
46124
34244
41469
9790
3339
45744
46740
39142
55309
55724
13083
63022
20754
64245
55932
38893
23570
22146
35771
35427
13454
15819
3656
28194
25393
61828
59659
59462
53540
58368
49836
22431
32808
44106
12231
64280
25740
47594
264
32811
40071
25377
916
9876
11803
16436
10789
37897
6937
19342
28958
55002
59632
57675
47992
25619
16807
15933
56992
31861
35500
24648
6094
61067
53281
21706
64206
45692
11527
55152
22631
8517
36255
14639
44634
17443
52931
34207
64472
54555
32207
49589
43126
26176
59061
31551
57410
54740
25533
6598
64277
49289
39409
61607
22195
17638
12567
50427
24533
53669
50261
45291
17860
18621
829
16176
10941
53319
59640
36241
16833
50545
23004
55702
42073
27367
36411
16562
14579
53018
17628
47609
32964
44778
32645
31838
53975
41252
25041
36533
28083
61231
60638
10104
59741
10575
41808
40730
15770
47456
26371
61754
37750
41038
1729
23859
2669
51330
17562
30251
4243
15649
36770
33572
50855
27287
5019
10801
33999
52126
6464
5038
6024
65112
22566
7426
56819
53711
53871
19061
65479
1362
81
30516
27018
64270
32952
42533
54809
50671
41633
16270
40111
45841
64264
48008
16206
41015
54087
37239
20050
13889
42464
28210
26606
1872
39498
61084
11545
57365
7550
32854
34187
35083
23340
48927
35359
11094
42134
10456
48182
27652
19673
25843
43570
43884
24711
33741
57554
13347
63168
32832
44879
16690
58907
16094
13611
52355
1663
9179
54403
61672
7248
55383
9995
11534
14215
49724
9847
2617
1201
9415
20418
4436
62599
35970
6963
50806
35633
38014
28099
48491
53407
54885
27647
7293
6567
57177
54880
56544
62619
54062
23648
19685
19781
21142
59841
16124
8886
43269
10629
37989
54972
63925
26514
37627
432
26952
46534
34210
16351
16520
7966
19940
63015
62889
41975
50878
3055
31244
22979
37667
61330
15162
65186
21099
27120
60585
35560
20513
13369
30154
14211
59213
31406
41442
17667
47723
26136
24346
50133
1014
65095
15531
12093
1842
45188
18124
55865
43209
5998
34530
48070
33316
19705
4404
57175
7302
46264
15261
43764
8441
21368
1096
56960
6994
6818
53582
64429
20530
6470
7011
999
11131
64296
44029
50631
64718
14090
21422
28230
20053
33304
11517
40786
52762
44425
1083
54779
59093
49018
35563
39424
6593
34438
56898
30709
31467
58297
14829
39447
23492
48518
41739
27389
59302
54117
61789
50344
58135
12925
63073
1585
48038
45747
2415
1783
62187
59041
62897
18373
44667
11048
120
17729
53240
51685
25890
15188
38612
22524
29921
37730
4169
60905
21830
14171
54461
30761
50673
62972
2900
2383
7495
27057
57401
48962
56058
36633
30578
54470
26262
37629
36864
57457
17802
50553
6387
61768
53384
411
46901
14654
4278
59909
58979
46410
25461
54370
60488
54285
5279
6919
11461
29921
42027
20017
42602
54371
37572
43304
3530
38695
39393
35662
25155
16733
13509
3688
10590
4434
33264
14825
10698
36094
17564
39799
25339
44620
15868
3931
44662
43316
6789
23585
31400
57289
49754
37862
8226
62895
18965
22480
41115
46111
60378
34581
3679
54259
3362
16191
16844
62043
11586
36620
60689
14666
51359
52451
2822
19553
30239
7501
18569
10353
19576
39343
34631
3346
36288
29660
20605
38687
40204
60458
52575
42677
56950
32184
9367
58842
43501
5135
26686
3119
22128
48659
14450
47776
21221
14557
1111
52680
38105
61902
14400
49509
33144
7694
29693
34941
4863
7948
4730
36718
60001
17391
19375
21793
23215
46834
11841
43257
16315
63552
44719
35541
42004
7653
24937
29391
14818
24079
58209
22161
26298
26325
60481
43944
57903
12426
60997
24515
33419
20076
40093
58234
63510
2218
49548
61515
42719
35625
15533
18716
7783
14847
34459
56395
34562
22476
40367
4315
48024
61170
9734
46237
15548
46476
57730
43234
7526
2382
31171
42202
62145
17409
8607
60069
32056
28650
33964
48207
37401
46273
13586
31381
63498
57008
41359
18254
46824
53517
8808
37342
27084
631
56159
19619
41506
49187
48564
32758
24965
42583
34634
14643
14084
48371
3607
19513
4247
64627
51390
16894
21635
45672
22901
477
11510
39012
57002
2837
998
17783
8264
23274
15173
34241
63623
45104
1868
44191
59053
45340
39688
356
55531
25087
19416
21661
25378
21961
64636
49264
47801
26978
42161
47728
36502
46134
40113
23623
50478
34842
64807
4852
7359
60396
49664
28371
55907
23722
57753
20655
5841
58120
30715
9961
45821
42353
55288
55454
44559
10900
30569
41128
2341
64829
33281
48924
57050
29006
31724
6674
3082
61912
60541
46623
10277
43916
1648
12353
29807
9039
49209
61053
28284
35084
45173
44546
23077
28923
17011
3566
7431
19427
49615
6317
22885
6027
13294
1008
47664
38369
44929
5248
44638
2445
42746
63441
28897
19472
34741
60903
44166
47676
54796
49793
33392
16951
5135
4454
24164
2201
56771
26351
12474
64115
43211
13
10749
63241
65138
50186
29443
26459
11368
23229
3341
25086
45706
19383
45972
18752
57557
62101
25516
63082
30844
57937
59192
29049
56416
26963
13087
16137
42989
10877
35590
61646
60892
53385
41444
48560
2908
26990
30748
63609
56502
58075
40256
44087
16526
57315
2116
65348
37624
59077
43993
11958
4947
60532
47512
36548
50297
1673
37927
30486
8083
35842
23202
63155
5026
60736
52422
38972
2218
54618
52114
1771
35220
50496
41972
36175
32114
56667
35972
55946
29859
18508
43715
18396
4504
2355
41971
45360
25947
28212
14279
28115
44565
13448
58313
52598
3987
27368
50259
52908
64484
14746
14000
20984
19003
6429
32387
32041
46415
22961
27297
8356
17901
41739
43430
59774
15211
48239
57529
53788
22387
14051
19915
19938
9895
48330
42466
62818
24760
55547
18056
15813
51829
725
47844
59935
63467
61914
63534
11827
52603
31119
48584
53805
59840
2722
53776
23587
2266
2157
47564
18765
39188
18039
19340
35761
55916
38984
40494
52251
2919
35819
14583
47506
63237
21475
49057
63926
9959
64910
11431
65071
37675
17485
54069
9644
50187
21793
6059
36924
27071
25005
1262
533
47601
61718
34038
2755
49551
61781
10091
33792
63996
59476
39187
55530
5078
37408
32081
34450
9330
17517
30619
61422
24329
43136
18520
7025
48389
38589
52998
52771
33431
62393
7466
59761
19350
31008
4760
3050
14689
63020
63110
29838
